51.500
51.630
51.430
51.330
51.470
51.490
51.510
51.520
51.530
51.590
51.810
51.810
51.810
51.810
51.810
51.810
51.810
51.810
51.810
51.810
51.810
51.810
51.810
51.810
51.810
51.810
51.810
51.810
51.810
51.810
51.810
51.810
51.810
51.810
51.810
51.810
51.810
51.810
51.810
51.810
51.810
51.810
51.810
51.810
51.810
51.810
51.810
51.810
51.810
51.810
51.810
51.810
51.810
51.810
51.810
51.810
51.810
51.810
51.810
51.810
51.810
51.810
51.810
51.810
51.810
51.810
51.810
51.810
51.810
51.810
51.810
51.810
51.810
51.810
51.810
51.810
51.810
51.810
51.810
51.810
51.810
51.810
51.810
51.810
51.810
51.810
51.810
51.810
51.810
51.810
51.810
51.810
51.810
51.810
51.810
51.810
51.810
51.810
51.810
51.810
51.810
51.810
51.810
51.810
51.810
51.810
51.810
51.810
51.810
51.810
51.810
51.810
51.810
51.810
51.810
51.810
51.810
51.810
51.810
51.810
51.810
51.810
51.810
51.810
51.810
51.810
51.810
51.810
51.810
51.810
51.810
51.810
51.810
51.810
51.810
51.810
51.810
51.810
51.810
51.810
51.810
51.810
51.810
51.810
51.810
51.810
51.810
51.810
51.810
51.810
51.810
51.810
51.810
51.810
51.810
51.810
51.810
51.810
51.810
51.810
51.810
51.810
51.810
51.810
51.810
51.810
